  10.0     4.219E-04    8.203E+16      4.602E+13      0.000E+00       0.000E+00         6.857E+18         0.000E+00        1.840E+18
  11.0     3.789E-04    7.366E+16      4.132E+13      0.000E+00       0.000E+00         6.158E+18         0.000E+00        1.652E+18
  12.0     3.383E-04    6.577E+16      3.690E+13      0.000E+00       0.000E+00         5.499E+18         0.000E+00        1.475E+18
  13.0     2.993E-04    5.819E+16      3.264E+13      0.000E+00       0.000E+00         4.864E+18         0.000E+00        1.305E+18
  14.0     2.616E-04    5.087E+16      2.854E+13      0.000E+00       0.000E+00         4.253E+18         0.000E+00        1.141E+18
  15.0     2.257E-04    4.387E+16      2.461E+13      0.000E+00       0.000E+00         3.668E+18         0.000E+00        9.840E+17
  16.0     1.920E-04    3.733E+16      2.094E+13      0.000E+00       0.000E+00         3.121E+18         0.000E+00        8.372E+17
  17.0     1.618E-04    3.145E+16      1.765E+13      0.000E+00       0.000E+00         2.630E+18         0.000E+00        7.054E+17
  18.0     1.355E-04    2.635E+16      1.478E+13      0.000E+00       0.000E+00         2.203E+18         0.000E+00        5.910E+17
  19.0     1.133E-04    2.203E+16      1.236E+13      0.000E+00       0.000E+00         1.842E+18         0.000E+00        4.941E+17
  20.0     9.483E-05    1.844E+16      1.034E+13      0.000E+00       0.000E+00         1.541E+18         0.000E+00        4.135E+17
  21.0     7.963E-05    1.548E+16      8.686E+12      0.000E+00       0.000E+00         1.294E+18         0.000E+00        3.472E+17
  22.0     6.709E-05    1.304E+16      7.317E+12      0.000E+00       0.000E+00         1.090E+18         0.000E+00        2.925E+17
  23.0     5.668E-05    1.102E+16      6.182E+12      0.000E+00       0.000E+00         9.212E+17         0.000E+00        2.471E+17
  24.0     4.799E-05    9.331E+15      5.235E+12      0.000E+00       0.000E+00         7.801E+17         0.000E+00        2.093E+17
  25.0     4.072E-05    7.916E+15      4.441E+12      0.000E+00       0.000E+00         6.618E+17         0.000E+00        1.775E+17
  26.0     3.460E-05    6.727E+15      3.774E+12      0.000E+00       0.000E+00         5.624E+17         0.000E+00        1.509E+17
  27.0     2.943E-05    5.722E+15      3.210E+12      0.000E+00       0.000E+00         4.784E+17         0.000E+00        1.283E+17
  28.0     2.506E-05    4.872E+15      2.733E+12      0.000E+00       0.000E+00         4.073E+17         0.000E+00        1.093E+17
  29.0     2.135E-05    4.150E+15      2.328E+12      0.000E+00       0.000E+00         3.470E+17         0.000E+00        9.308E+16
  30.0     1.819E-05    3.537E+15      1.984E+12      0.000E+00       0.000E+00         2.957E+17         0.000E+00        7.932E+16
  31.0     1.550E-05    3.014E+15      1.691E+12      0.000E+00       0.000E+00         2.520E+17         0.000E+00        6.761E+16
  32.0     1.321E-05    2.569E+15      1.441E+12      0.000E+00       0.000E+00         2.148E+17         0.000E+00        5.762E+16
  33.0     1.126E-05    2.190E+15      1.229E+12      0.000E+00       0.000E+00         1.831E+17         0.000E+00        4.912E+16
  34.0     9.626E-06    1.871E+15      1.050E+12      0.000E+00       0.000E+00         1.565E+17         0.000E+00        4.197E+16
  35.0     8.247E-06    1.603E+15      8.996E+11      0.000E+00       0.000E+00         1.341E+17         0.000E+00        3.596E+16
  36.0     7.086E-06    1.378E+15      7.728E+11      0.000E+00       0.000E+00         1.152E+17         0.000E+00        3.090E+16
  37.0     6.103E-06    1.187E+15      6.657E+11      0.000E+00       0.000E+00         9.920E+16         0.000E+00        2.661E+16
  38.0     5.271E-06    1.025E+15      5.749E+11      0.000E+00       0.000E+00         8.567E+16         0.000E+00        2.298E+16
  39.0     4.564E-06    8.873E+14      4.978E+11      0.000E+00       0.000E+00         7.418E+16         0.000E+00        1.990E+16
  40.0     3.961E-06    7.701E+14      4.321E+11      0.000E+00       0.000E+00         6.438E+16         0.000E+00        1.727E+16
  41.0     3.446E-06    6.701E+14      3.759E+11      0.000E+00       0.000E+00         5.602E+16         0.000E+00        1.503E+16
  42.0     3.006E-06    5.844E+14      3.278E+11      0.000E+00       0.000E+00         4.885E+16         0.000E+00        1.311E+16
  43.0     2.627E-06    5.108E+14      2.866E+11      0.000E+00       0.000E+00         4.270E+16         0.000E+00        1.146E+16
  44.0     2.301E-06    4.474E+14      2.510E+11      0.000E+00       0.000E+00         3.741E+16         0.000E+00        1.004E+16
  45.0     2.020E-06    3.928E+14      2.204E+11      0.000E+00       0.000E+00         3.284E+16         0.000E+00        8.809E+15
  46.0     1.777E-06    3.455E+14      1.938E+11      0.000E+00       0.000E+00         2.888E+16         0.000E+00        7.748E+15
  47.0     1.566E-06    3.044E+14      1.708E+11      0.000E+00       0.000E+00         2.545E+16         0.000E+00        6.827E+15
  48.0     1.382E-06    2.687E+14      1.507E+11      0.000E+00       0.000E+00         2.246E+16         0.000E+00        6.025E+15
  49.0     1.221E-06    2.375E+14      1.332E+11      0.000E+00       0.000E+00         1.985E+16         0.000E+00        5.326E+15
  50.0     1.081E-06    2.102E+14      1.179E+11      0.000E+00       0.000E+00         1.757E+16         0.000E+00        4.713E+15
  51.0     9.576E-07    1.862E+14      1.045E+11      0.000E+00       0.000E+00         1.557E+16         0.000E+00        4.176E+15
  52.0     8.492E-07    1.651E+14      9.262E+10      0.000E+00       0.000E+00         1.380E+16         0.000E+00        3.703E+15
  53.0     7.535E-07    1.465E+14      8.219E+10      0.000E+00       0.000E+00         1.225E+16         0.000E+00        3.286E+15
  54.0     6.689E-07    1.301E+14      7.296E+10      0.000E+00       0.000E+00         1.087E+16         0.000E+00        2.917E+15
  55.0     5.940E-07    1.155E+14      6.479E+10      0.000E+00       0.000E+00         9.654E+15         0.000E+00        2.590E+15
  56.0     5.274E-07    1.025E+14      5.753E+10      0.000E+00       0.000E+00         8.573E+15         0.000E+00        2.300E+15
  57.0     4.682E-07    9.102E+13      5.107E+10      0.000E+00       0.000E+00         7.610E+15         0.000E+00        2.041E+15
  58.0     4.153E-07    8.074E+13      4.530E+10      0.000E+00       0.000E+00         6.750E+15         0.000E+00        1.811E+15
  59.0     3.680E-07    7.154E+13      4.014E+10      0.000E+00       0.000E+00         5.981E+15         0.000E+00        1.604E+15
  60.0     3.256E-07    6.330E+13      3.551E+10      0.000E+00       0.000E+00         5.292E+15         0.000E+00        1.420E+15
  61.0     2.876E-07    5.592E+13      3.137E+10      0.000E+00       0.000E+00         4.675E+15         0.000E+00        1.254E+15
  62.0     2.536E-07    4.930E+13      2.766E+10      0.000E+00       0.000E+00         4.122E+15         0.000E+00        1.106E+15
  63.0     2.231E-07    4.334E+13      2.435E+10      0.000E+00       0.000E+00         3.627E+15         0.000E+00        9.728E+14
  64.0     1.959E-07    3.797E+13      2.140E+10      0.000E+00       0.000E+00         3.184E+15         0.000E+00        8.538E+14
  65.0     1.715E-07    3.319E+13      1.877E+10      0.000E+00       0.000E+00         2.789E+15         0.000E+00        7.476E+14
  66.0     1.499E-07    2.894E+13      1.641E+10      0.000E+00       0.000E+00         2.437E+15         0.000E+00        6.529E+14
  67.0     1.306E-07    2.517E+13      1.432E+10      0.000E+00       0.000E+00         2.124E+15         0.000E+00        5.688E+14
  68.0     1.135E-07    2.183E+13      1.246E+10      0.000E+00       0.000E+00         1.846E+15         0.000E+00        4.943E+14
  69.0     9.839E-08    1.889E+13      1.082E+10      0.000E+00       0.000E+00         1.600E+15         0.000E+00        4.284E+14
  70.0     8.508E-08    1.630E+13      9.362E+09      0.000E+00       0.000E+00         1.384E+15         0.000E+00        3.703E+14
  71.0     7.338E-08    1.403E+13      8.084E+09      0.000E+00       0.000E+00         1.194E+15         0.000E+00        3.193E+14
  72.0     6.313E-08    1.205E+13      6.963E+09      0.000E+00       0.000E+00         1.027E+15         0.000E+00        2.747E+14
  73.0     5.422E-08    1.033E+13      5.990E+09      3.961E+03       6.310E+04         8.823E+14         3.180E+07        2.358E+14
  74.0     4.644E-08    8.838E+12      5.141E+09      1.375E+04       6.828E+04         7.558E+14         6.926E+07        2.019E+14
  75.0     3.971E-08    7.546E+12      4.406E+09      6.502E+04       7.384E+04         6.463E+14         1.484E+08        1.726E+14
  76.0     3.391E-08    6.434E+12      3.772E+09      3.655E+05       7.981E+04         5.520E+14         3.115E+08        1.473E+14
  77.0     2.892E-08    5.480E+12      3.229E+09      1.995E+06       8.626E+04         4.709E+14         6.370E+08        1.256E+14
  78.0     2.466E-08    4.664E+12      2.763E+09      8.735E+06       9.323E+04         4.016E+14         1.264E+09        1.070E+14
  79.0     2.101E-08    3.967E+12      2.365E+09      2.752E+07       1.008E+05         3.423E+14         2.424E+09        9.110E+13
  80.0     1.791E-08    3.373E+12      2.025E+09      6.151E+07       1.090E+05         2.918E+14         4.481E+09        7.756E+13
  81.0     1.526E-08    2.868E+12      1.736E+09      1.024E+08       1.180E+05         2.487E+14         7.971E+09        6.603E+13
  82.0     1.301E-08    2.439E+12      1.490E+09      1.365E+08       1.278E+05         2.121E+14         1.362E+10        5.622E+13
  83.0     1.109E-08    2.074E+12      1.280E+09      1.554E+08       1.384E+05         1.809E+14         2.233E+10        4.787E+13
  84.0     9.463E-09    1.764E+12      1.102E+09      1.594E+08       1.501E+05         1.544E+14         3.513E+10        4.078E+13
  85.0     8.078E-09    1.501E+12      9.507E+08      1.529E+08       1.629E+05         1.319E+14         5.305E+10        3.475E+13
  86.0     6.899E-09    1.277E+12      8.218E+08      1.408E+08       1.769E+05         1.127E+14         7.696E+10        2.962E+13
  87.0     5.897E-09    1.087E+12      7.120E+08      1.265E+08       1.922E+05         9.639E+13         1.074E+11        2.525E+13
  88.0     5.042E-09    9.254E+11      6.184E+08      1.121E+08       2.089E+05         8.247E+13         1.443E+11        2.153E+13
  89.0     4.314E-09    7.874E+11      5.386E+08      9.868E+07       2.272E+05         7.059E+13         1.871E+11        1.836E+13
  90.0     3.691E-09    6.697E+11      4.705E+08      8.666E+07       2.471E+05         6.044E+13         2.346E+11        1.565E+13
  91.0     3.159E-09    5.691E+11      4.122E+08      7.615E+07       2.687E+05         5.175E+13         2.847E+11        1.333E+13
  92.0     2.701E-09    4.827E+11      3.620E+08      6.703E+07       2.920E+05         4.427E+13         3.351E+11        1.133E+13
  93.0     2.305E-09    4.082E+11      3.187E+08      5.916E+07       3.168E+05         3.780E+13         3.830E+11        9.614E+12
  94.0     1.962E-09    3.438E+11      2.811E+08      5.237E+07       3.429E+05         3.220E+13         4.257E+11        8.126E+12
  95.0     1.666E-09    2.882E+11      2.484E+08      4.652E+07       3.701E+05         2.734E+13         4.610E+11        6.840E+12
  96.0     1.409E-09    2.403E+11      2.201E+08      4.147E+07       3.984E+05         2.314E+13         4.872E+11        5.730E+12
  97.0     1.187E-09    1.992E+11      1.955E+08      3.712E+07       4.275E+05         1.950E+13         5.034E+11        4.776E+12
  98.0     9.959E-10    1.641E+11      1.742E+08      3.335E+07       4.573E+05         1.638E+13         5.096E+11        3.958E+12
  99.0     8.323E-10    1.342E+11      1.557E+08      3.007E+07       4.878E+05         1.370E+13         5.062E+11        3.263E+12
 100.0     6.928E-10    1.091E+11      1.397E+08      2.721E+07       5.191E+05         1.141E+13         4.945E+11        2.674E+12
 101.0     5.745E-10    8.807E+10      1.259E+08      2.470E+07       5.511E+05         9.472E+12         4.759E+11        2.179E+12
 102.0     4.750E-10    7.067E+10      1.140E+08      2.249E+07       5.842E+05         7.839E+12         4.522E+11        1.768E+12
 103.0     3.918E-10    5.641E+10      1.037E+08      2.054E+07       6.190E+05         6.474E+12         4.251E+11        1.428E+12
 104.0     3.227E-10    4.483E+10      9.484E+07      1.880E+07       6.556E+05         5.339E+12         3.960E+11        1.149E+12
 105.0     2.656E-10    3.549E+10      8.715E+07      1.725E+07       6.946E+05         4.400E+12         3.662E+11        9.229E+11
 106.0     2.186E-10    2.803E+10      8.046E+07      1.584E+07       7.363E+05         3.625E+12         3.365E+11        7.395E+11
 107.0     1.800E-10    2.209E+10      7.458E+07      1.457E+07       7.808E+05         2.988E+12         3.077E+11        5.917E+11
 108.0     1.483E-10    1.739E+10      6.938E+07      1.340E+07       8.283E+05         2.464E+12         2.801E+11        4.731E+11
 109.0     1.223E-10    1.369E+10      6.473E+07      1.233E+07       8.788E+05         2.035E+12         2.541E+11        3.782E+11
 110.0     1.011E-10    1.078E+10      6.053E+07      1.133E+07       9.322E+05         1.682E+12         2.297E+11        3.024E+11
 111.0     8.367E-11    8.497E+09      5.669E+07      1.041E+07       9.883E+05         1.393E+12         2.070E+11        2.421E+11
 112.0     6.944E-11    6.715E+09      5.317E+07      9.550E+06       1.047E+06         1.156E+12         1.862E+11        1.941E+11
 113.0     5.780E-11    5.324E+09      4.993E+07      8.753E+06       1.109E+06         9.622E+11         1.671E+11        1.560E+11
 114.0     4.829E-11    4.239E+09      4.693E+07      8.013E+06       1.174E+06         8.035E+11         1.499E+11        1.258E+11
 115.0     4.051E-11    3.392E+09      4.415E+07      7.329E+06       1.242E+06         6.735E+11         1.344E+11        1.019E+11
 116.0     3.414E-11    2.730E+09      4.157E+07      6.699E+06       1.314E+06         5.670E+11         1.204E+11        8.297E+10
 117.0     2.893E-11    2.212E+09      3.919E+07      6.122E+06       1.391E+06         4.798E+11         1.081E+11        6.794E+10
 118.0     2.465E-11    1.805E+09      3.699E+07      5.595E+06       1.474E+06         4.083E+11         9.718E+10        5.601E+10
 119.0     2.116E-11    1.486E+09      3.498E+07      5.119E+06       1.565E+06         3.498E+11         8.763E+10        4.654E+10
 120.0     1.830E-11    1.234E+09      3.317E+07      4.692E+06       1.667E+06         3.020E+11         7.937E+10        3.901E+10
 121.0     1.598E-11    1.036E+09      3.157E+07      4.313E+06       1.782E+06         2.631E+11         7.233E+10        3.305E+10
 122.0     1.410E-11    8.801E+08      3.018E+07      3.981E+06       1.918E+06         2.317E+11         6.643E+10        2.833E+10
 123.0     1.260E-11    7.580E+08      2.903E+07      3.697E+06       2.082E+06         2.066E+11         6.165E+10        2.463E+10
 124.0     1.134E-11    6.579E+08      2.801E+07      3.443E+06       2.267E+06         1.855E+11         5.750E+10        2.158E+10
 125.0     1.025E-11    5.738E+08      2.706E+07      3.211E+06       2.469E+06         1.673E+11         5.377E+10        1.902E+10
 126.0     9.305E-12    5.027E+08      2.618E+07      2.999E+06       2.689E+06         1.514E+11         5.039E+10        1.684E+10
 127.0     8.475E-12    4.422E+08      2.536E+07      2.804E+06       2.928E+06         1.375E+11         4.732E+10        1.499E+10
 128.0     7.745E-12    3.905E+08      2.460E+07      2.625E+06       3.187E+06         1.253E+11         4.452E+10        1.339E+10
 129.0     7.100E-12    3.461E+08      2.388E+07      2.461E+06       3.467E+06         1.145E+11         4.196E+10        1.202E+10
 130.0     6.527E-12    3.078E+08      2.322E+07      2.309E+06       3.769E+06         1.050E+11         3.962E+10        1.083E+10
 131.0     6.016E-12    2.745E+08      2.260E+07      2.169E+06       4.093E+06         9.645E+10         3.746E+10        9.785E+09
 132.0     5.559E-12    2.456E+08      2.202E+07      2.040E+06       4.440E+06         8.883E+10         3.548E+10        8.875E+09
 133.0     5.149E-12    2.203E+08      2.149E+07      1.920E+06       4.812E+06         8.199E+10         3.365E+10        8.074E+09
 134.0     4.779E-12    1.981E+08      2.099E+07      1.810E+06       5.207E+06         7.584E+10         3.195E+10        7.366E+09
 135.0     4.444E-12    1.786E+08      2.052E+07      1.707E+06       5.628E+06         7.029E+10         3.038E+10        6.738E+09
 136.0     4.141E-12    1.613E+08      2.009E+07      1.613E+06       6.074E+06         6.526E+10         2.892E+10        6.180E+09
 137.0     3.865E-12    1.461E+08      1.968E+07      1.525E+06       6.545E+06         6.070E+10         2.756E+10        5.680E+09
 138.0     3.614E-12    1.325E+08      1.930E+07      1.443E+06       7.042E+06         5.654E+10         2.630E+10        5.233E+09
 139.0     3.384E-12    1.205E+08      1.894E+07      1.367E+06       7.565E+06         5.275E+10         2.511E+10        4.830E+09
 140.0     3.174E-12    1.097E+08      1.860E+07      1.297E+06       8.114E+06         4.929E+10         2.401E+10        4.467E+09
 141.0     2.980E-12    1.001E+08      1.829E+07      1.231E+06       8.688E+06         4.611E+10         2.297E+10        4.139E+09
 142.0     2.803E-12    9.145E+07      1.799E+07      1.170E+06       9.287E+06         4.320E+10         2.200E+10        3.841E+09
 143.0     2.639E-12    8.370E+07      1.770E+07      1.114E+06       9.910E+06         4.052E+10         2.109E+10        3.570E+09
 144.0     2.488E-12    7.672E+07      1.743E+07      1.061E+06       1.056E+07         3.805E+10         2.023E+10        3.323E+09
 145.0     2.348E-12    7.042E+07      1.717E+07      1.011E+06       1.123E+07         3.577E+10         1.942E+10        3.098E+09
 146.0     2.218E-12    6.472E+07      1.692E+07      9.653E+05       1.192E+07         3.366E+10         1.866E+10        2.891E+09
 147.0     2.098E-12    5.956E+07      1.668E+07      9.224E+05       1.263E+07         3.171E+10         1.794E+10        2.702E+09
 148.0     1.986E-12    5.489E+07      1.646E+07      8.823E+05       1.336E+07         2.990E+10         1.726E+10        2.528E+09
 149.0     1.882E-12    5.064E+07      1.624E+07      8.448E+05       1.411E+07         2.821E+10         1.661E+10        2.367E+09
 150.0     1.785E-12    4.677E+07      1.603E+07      8.097E+05       1.488E+07         2.665E+10         1.600E+10        2.220E+09
 155.0     1.610E-12    4.002E+07      1.563E+07      7.462E+05       1.646E+07         2.383E+10         1.488E+10        1.957E+09
 160.0     1.260E-12    2.758E+07      1.475E+07      6.191E+05       2.055E+07         1.825E+10         1.251E+10        1.449E+09
 165.0     1.002E-12    1.940E+07      1.400E+07      5.260E+05       2.467E+07         1.419E+10         1.064E+10        1.091E+09
 170.0     8.078E-13    1.388E+07      1.335E+07      4.570E+05       2.855E+07         1.117E+10         9.136E+09        8.333E+08
 175.0     6.586E-13    1.006E+07      1.277E+07      4.049E+05       3.194E+07         8.884E+09         7.906E+09        6.436E+08
 180.0     5.422E-13    7.384E+06      1.225E+07      3.653E+05       3.469E+07         7.126E+09         6.886E+09        5.017E+08
 185.0     4.500E-13    5.471E+06      1.179E+07      3.346E+05       3.669E+07         5.757E+09         6.032E+09        3.941E+08
 190.0     3.762E-13    4.087E+06      1.136E+07      3.107E+05       3.790E+07         4.679E+09         5.308E+09        3.117E+08
 195.0     3.166E-13    3.074E+06      1.097E+07      2.918E+05       3.837E+07         3.822E+09         4.691E+09        2.478E+08
 200.0     2.679E-13    2.326E+06      1.061E+07      2.767E+05       3.817E+07         3.136E+09         4.159E+09        1.980E+08
 225.0     1.139E-13    5.262E+05      8.956E+06      2.309E+05       2.971E+07         1.097E+09         2.219E+09        5.996E+07
 250.0     5.769E-14    1.490E+05      7.828E+06      2.139E+05       2.013E+07         4.513E+08         1.319E+09        2.179E+07
 275.0     3.088E-14    4.366E+04      6.893E+06      2.039E+05       1.297E+07         1.906E+08         7.995E+08        8.146E+06
 300.0     1.720E-14    1.306E+04      6.096E+06      1.964E+05       8.251E+06         8.177E+07         4.894E+08        3.099E+06
 325.0     9.925E-15    3.965E+03      5.405E+06      1.900E+05       5.301E+06         3.548E+07         3.032E+08        1.194E+06
 350.0     5.876E-15    1.218E+03      4.801E+06      1.844E+05       3.437E+06         1.553E+07         1.889E+08        4.643E+05
 375.0     3.550E-15    3.783E+02      4.269E+06      1.790E+05       2.248E+06         6.846E+06         1.183E+08        1.822E+05
 400.0     2.179E-15    1.186E+02      3.801E+06      1.739E+05       1.483E+06         3.039E+06         7.433E+07        7.200E+04
 425.0     1.356E-15    3.751E+01      3.388E+06      1.689E+05       9.841E+05         1.358E+06         4.689E+07        2.867E+04
 450.0     8.531E-16    1.197E+01      3.022E+06      1.641E+05       6.567E+05         6.102E+05         2.969E+07        1.149E+04
 475.0     5.424E-16    3.851E+00      2.698E+06      1.596E+05       4.379E+05         2.759E+05         1.886E+07        4.640E+03
 500.0     3.484E-16    1.250E+00      2.411E+06      1.551E+05       2.953E+05         1.255E+05         1.203E+07        1.886E+03
 525.0     2.262E-16    4.088E-01      2.156E+06      1.508E+05       1.997E+05         5.740E+04         7.691E+06        7.714E+02
 550.0     1.485E-16    1.348E-01      1.929E+06      1.467E+05       1.355E+05         2.641E+04         4.935E+06        3.176E+02
 575.0     9.881E-17    4.483E-02      1.728E+06      1.427E+05       9.215E+04         1.222E+04         3.177E+06        1.316E+02
 600.0     6.674E-17    1.502E-02      1.549E+06      1.389E+05       6.285E+04         5.684E+03         2.052E+06        5.490E+01
 625.0     4.588E-17    5.075E-03      1.390E+06      1.352E+05       4.299E+04         2.659E+03         1.329E+06        2.304E+01
